6129.600 5234.151 22.087
6129.381 5234.781 22.186
6129.314 5241.165 10.357
6129.085 5241.835 10.377
6129.020 5234.141 21.917
6128.884 5240.065 10.339
6128.881 5236.110 21.695
6128.879 5235.527 19.336
6128.700 5234.799 20.827
6128.660 5233.371 21.929
6128.520 5235.410 21.096
6128.443 5237.975 10.303
6128.310 5236.020 21.145
6128.302 5236.573 23.125
6128.213 5237.445 10.293
6128.206 5234.952 15.617
6128.143 5237.173 23.654
6128.049 5234.739 20.337
6127.954 5239.355 10.341
6127.886 5234.193 16.168
6127.880 5235.360 20.877
6127.781 5235.951 22.046
6127.722 5236.504 23.705
6127.654 5237.086 25.214
6127.576 5234.902 15.387
6127.534 5235.957 25.716
6127.470 5234.900 20.778
6127.431 5235.472 22.567
6127.352 5234.355 10.468
6127.294 5236.586 25.455
6127.224 5233.840 13.599
6127.182 5237.843 22.704
6127.126 5237.720 27.924
6127.085 5234.461 14.518
6127.044 5237.226 25.045
6126.977 5247.956 10.460
6126.926 5238.330 28.013
6126.821 5235.103 22.938
6126.698 5234.558 19.219
6126.684 5236.308 26.266
6126.662 5244.188 19.465
6126.662 5235.744 23.717
6126.626 5233.973 15.819
6126.562 5234.915 24.098
6126.366 5237.550 27.695
6126.364 5237.007 25.375
6126.362 5235.525 24.238
6126.324 5236.067 25.967
6126.306 5244.116 10.536
6126.287 5238.112 29.064
6126.225 5236.639 27.056
6126.206 5233.934 15.950
6126.147 5234.526 17.709
6126.101 5234.136 10.310
6126.098 5238.732 29.323
6126.056 5237.240 27.435
6125.989 5239.304 30.503
6125.977 5237.801 28.805
6125.857 5233.247 18.341
6125.827 5238.382 29.384
6125.749 5238.914 30.613
6125.611 5235.084 22.969
6125.608 5240.062 29.132
6125.609 5239.485 31.163
6125.583 5235.656 24.918
6125.547 5233.966 17.650
6125.529 5240.624 30.511
6125.463 5234.786 24.819
6125.425 5236.770 27.556
6125.424 5236.247 25.487
6125.386 5233.146 17.292
6125.349 5240.114 30.642
6125.320 5241.264 30.630
6125.289 5253.526 10.103
6125.277 5234.656 17.190
6125.273 5235.417 25.098
6125.266 5237.371 28.136
6125.187 5233.786 17.371
6125.172 5236.374 23.007
6125.147 5237.962 29.175
6125.134 5235.988 25.738
6125.065 5236.549 27.177
6125.039 5254.226 10.133
6125.039 5253.486 10.124
6125.027 5234.417 18.130
6125.029 5240.813 29.651
6124.968 5238.573 29.554
6124.956 5237.111 28.026
6124.868 5242.082 28.590
6124.869 5241.394 30.061
6124.846 5235.413 15.139
6124.819 5254.166 10.273
6124.818 5239.164 30.124
6124.776 5243.837 10.607
6124.766 5237.711 28.226
6124.760 5234.153 22.101
6124.717 5235.106 17.119
6124.709 5242.672 29.149
6124.687 5238.243 29.445
6124.643 5235.327 25.549
6124.630 5254.817 10.722
6124.627 5233.648 18.331
6124.596 5241.108 25.671
6124.576 5245.577 10.545
6124.588 5239.794 30.023
6124.571 5234.813 22.490
6124.518 5242.132 28.810
6124.504 5235.939 26.308
6124.498 5238.853 29.684
6124.444 5233.142 14.092
6124.419 5252.686 10.105
6124.400 5255.497 10.771
6124.365 5236.540 27.168
6124.360 5243.894 30.037
6124.359 5240.434 29.852
6124.349 5242.723 29.169
6124.320 5256.246 10.080
6124.303 5248.288 18.601
6124.298 5243.460 27.588
6124.296 5237.122 28.687
6124.290 5234.272 21.501
6124.253 5235.357 25.399
6124.207 5239.532 28.824
6124.201 5234.844 22.740
6124.179 5253.407 10.254
6124.181 5244.505 30.487
6124.159 5243.323 29.348
6124.144 5235.919 26.429
6124.134 5248.889 19.051
6124.127 5233.787 17.562
6124.070 5256.276 10.071
6124.065 5236.471 27.728
6124.050 5256.966 10.020
6124.056 5237.752 28.376
6124.050 5243.864 30.178
6124.038 5241.122 28.852
6124.014 5233.272 14.042
6123.952 5233.908 11.242
6123.941 5245.174 30.346
6123.927 5240.201 28.213
6123.909 5254.126 10.104
6123.897 5238.342 28.835
6123.859 5253.566 10.044
6123.820 5256.986 10.020
6123.825 5237.120 27.357
6123.806 5244.637 10.487
6123.820 5244.494 29.997
6123.798 5240.772 28.942
6123.780 5254.698 10.973
6123.750 5254.148 11.024
6123.706 5237.692 28.287
6123.687 5241.851 27.591
6123.611 5245.104 29.976
6123.556 5239.051 27.665
6123.520 5254.828 11.073
6123.530 5245.992 28.855
6123.502 5234.048 10.962
6123.498 5242.471 27.840
6123.478 5239.613 29.034
6123.460 5255.477 10.392
6123.426 5238.361 27.566
6123.416 5242.047 25.111
6123.397 5241.530 27.171
6123.361 5246.593 29.314
6123.339 5243.062 28.389
6123.328 5240.214 29.653
6123.320 5245.813 29.266
6123.307 5238.912 28.425
6123.305 5235.980 26.919
6123.300 5248.961 27.731
6123.289 5245.370 27.236
6123.281 5234.863 22.011
6123.220 5256.157 10.451
6123.180 5255.607 10.292
6123.179 5243.673 28.959
6123.178 5239.473 29.204
6123.167 5242.160 27.001
6123.156 5236.611 27.748
6123.129 5253.057 10.086
6123.123 5239.325 23.625
6123.121 5235.504 22.830
6123.095 5233.754 15.192
6123.100 5246.443 29.205
6123.081 5249.601 27.701
6123.078 5240.873 29.353
6123.060 5247.302 28.694
6123.016 5245.427 10.426
6123.028 5242.731 27.550
6122.988 5252.507 10.047
6123.000 5244.303 29.318
6122.970 5256.277 10.511
6122.929 5253.717 10.385
6122.939 5243.283 28.759
6122.920 5256.917 10.060
6122.928 5240.133 28.784
6122.902 5238.684 22.626
6122.886 5237.321 27.458
6122.871 5233.207 10.293
6122.854 5257.754 15.079
6122.850 5234.673 22.051
6122.845 5234.484 15.222
6122.841 5257.459 11.340
6122.835 5243.517 10.449
6122.840 5247.113 28.794
6122.837 5246.218 25.245
6122.820 5244.884 29.667
6122.810 5247.982 28.483
6122.779 5243.863 29.199
6122.749 5253.197 10.046
6122.711 5235.264 22.711
6122.702 5257.470 12.240
6122.700 5256.997 10.281
6122.697 5249.515 22.931
6122.672 5233.928 10.782
6122.649 5254.447 10.114
6122.605 5258.454 15.029
6122.606 5238.030 27.007
6122.595 5233.694 15.023
6122.600 5244.474 29.418
6122.554 5236.368 25.269
6122.516 5241.759 26.272
6122.499 5253.897 9.985
6122.507 5238.642 28.316
6122.490 5245.613 28.616
6122.471 5235.904 22.430
6122.462 5234.659 11.242
6122.432 5233.168 10.974
6122.440 5247.911 27.273
6122.425 5234.314 15.452
6122.415 5251.001 20.189
6122.409 5241.745 16.272
6122.414 5236.969 26.038
6122.389 5255.177 10.033
6122.387 5242.341 27.121
6122.375 5259.134 15.028
6122.381 5246.144 29.496
6122.370 5248.820 26.732
6122.340 5245.143 28.937
6122.336 5237.511 27.228
6122.310 5254.567 10.404
6122.308 5242.862 28.270
6122.265 5241.097 24.763
6122.247 5239.332 27.995
6122.190 5248.580 26.953
6122.178 5242.102 27.822
6122.150 5255.857 10.033
6122.159 5243.433 28.840
6122.141 5233.877 10.323
6122.125 5259.824 14.957
6122.120 5245.783 28.887
6122.106 5238.151 27.057
6122.076 5245.667 10.327
6122.049 5252.637 10.097
6122.057 5239.962 28.365
6122.050 5246.893 28.525
6122.030 5255.307 10.083
6122.010 5244.014 29.399
6122.001 5237.214 22.008
6121.982 5234.508 10.922
6121.978 5242.722 27.911
6121.959 5234.861 20.432
6121.910 5256.527 10.022
6121.906 5238.771 27.086
6121.894 5257.834 15.150
6121.885 5260.524 14.916
6121.889 5243.263 28.980
6121.860 5232.557 9.825
6121.832 5233.180 12.004
6121.820 5246.482 28.096
6121.814 5236.508 25.380
6121.789 5253.367 10.026
6121.770 5256.017 9.973
6121.760 5235.502 20.571
6121.709 5252.827 10.007
6121.680 5257.187 10.081
6121.689 5243.873 29.079
6121.677 5240.741 26.984
6121.674 5237.109 26.099
6121.671 5236.084 21.900
6121.646 5261.204 14.916
6121.645 5258.524 15.069
6121.589 5247.760 26.594
6121.580 5244.357 16.869
6121.579 5244.851 27.558
6121.554 5234.503 14.013
6121.552 5233.919 11.603
6121.539 5254.087 10.045
6121.520 5256.737 9.912
6121.527 5241.382 27.783
6121.525 5239.519 25.506
6121.504 5258.084 15.100
6121.491 5232.369 11.026
6121.479 5253.507 9.996
6121.441 5257.877 10.110
6121.416 5261.884 14.925
6121.419 5247.290 26.505
6121.419 5244.543 28.589
6121.393 5232.991 12.385
6121.395 5259.224 15.028
6121.376 5240.109 25.975
6121.342 5257.820 12.200
6121.348 5242.033 28.262
6121.299 5254.767 10.105
6121.295 5250.291 20.011
6121.288 5245.561 27.047
6121.287 5240.641 27.074
6121.279 5235.262 20.282
6121.265 5258.784 15.059
6121.262 5237.364 22.159
6121.249 5254.207 10.105
6121.232 5234.658 10.703
6121.210 5257.507 9.411
6121.188 5241.182 28.004
6121.179 5242.663 28.892
6121.170 5235.853 21.311
6121.145 5259.924 14.968
6121.145 5250.022 20.331
6121.091 5243.828 17.550
6121.089 5242.456 16.092
6121.075 5244.228 10.289
6121.082 5239.833 21.426
6121.079 5245.282 27.498
6121.062 5233.699 11.294
6121.049 5246.241 26.877
6121.026 5245.388 10.238
6121.022 5235.339 10.932
6121.019 5254.898 10.105
6121.021 5236.444 21.920
6121.008 5243.414 14.751
6121.005 5259.484 14.968
6121.009 5243.294 29.381
6120.990 5239.379 18.526
6120.979 5255.537 9.474
6120.953 5238.606 23.417
6120.940 5243.067 16.761
6120.937 5248.826 23.123
6120.935 5239.119 25.417
6120.905 5260.584 14.957
6120.899 5252.907 10.018
6120.897 5241.891 27.363
6120.885 5242.387 24.202
6120.889 5242.354 29.072
6120.858 5251.697 10.019
6120.848 5248.709 25.373
6120.847 5248.256 23.594
6120.822 5234.379 11.173
6120.829 5245.961 27.257
6120.811 5243.658 17.590
6120.788 5249.406 23.763
6120.755 5243.088 10.401
6120.755 5260.204 14.928
6120.750 5256.207 9.593
6120.760 5243.994 29.300
6120.748 5246.960 26.146
6120.720 5238.230 19.148
6120.718 5261.979 18.435
6120.719 5242.954 29.501
6120.705 5242.238 10.462
6120.699 5255.677 9.434
6120.707 5240.241 27.255
6120.704 5238.138 24.978
6120.688 5249.958 24.702
6120.669 5253.588 10.097
6120.666 5261.254 14.886
6120.665 5239.798 24.826
6120.618 5252.388 9.988
6120.602 5232.440 11.526
6120.600 5237.191 19.940
6120.540 5256.288 10.033
6120.522 5235.108 10.472
6120.528 5249.458 24.513
6120.529 5246.670 26.566
6120.515 5260.894 14.897
6120.515 5258.245 15.150
6120.509 5243.584 29.401
6120.491 5242.169 18.453
6120.498 5241.334 29.134
6120.494 5238.788 25.097
6120.480 5256.937 9.442
6120.446 5261.904 14.925
6120.446 5240.901 26.785
6120.349 5254.367 9.476
6120.322 5235.779 10.732
6120.318 5253.167 9.508
6120.301 5231.990 11.387
6120.305 5258.325 15.201
6120.286 5261.574 14.886
6120.288 5250.128 24.362
6120.268 5240.896 15.925
6120.276 5239.901 26.966
6120.270 5244.234 29.070
6120.255 5258.955 15.070
6120.248 5241.994 28.793
6120.230 5257.657 9.421
6120.230 5257.087 9.442
6120.217 5262.076 16.125
6120.208 5248.339 25.324
6120.207 5247.906 23.555
6120.191 5233.187 9.565
6120.194 5239.487 24.247
6120.148 5247.469 25.166
6120.127 5245.020 25.809
6120.113 5240.694 21.825
6120.099 5255.087 9.475
6120.097 5240.502 27.265
6120.089 5245.522 27.438
6120.089 5242.585 29.382
6120.069 5253.877 9.437
6120.078 5240.974 28.875
6120.068 5238.057 16.919
6120.062 5232.669 11.186
6120.048 5251.478 10.070
6120.045 5259.045 15.060
6120.031 5258.328 9.871
6120.026 5245.178 10.219
6120.015 5259.625 15.069
6120.001 5233.838 9.965
6119.999 5248.979 25.444
6119.982 5258.239 11.161
6119.980 5257.797 9.371
6119.969 5238.629 18.098
6119.963 5234.430 11.934
6119.920 5255.708 9.954
6119.918 5248.129 25.065
6119.909 5241.574 29.254
6119.898 5236.149 18.181
6119.839 5254.567 9.516
6119.849 5246.222 27.338
6119.812 5233.349 10.855
6119.815 5259.735 14.989
6119.798 5251.307 9.581
6119.785 5245.326 22.879
6119.779 5248.700 25.744
6119.765 5260.315 14.978
6119.749 5242.145 29.693
6119.729 5236.770 18.701
6119.720 5256.348 10.204
6119.718 5252.287 9.459
6119.718 5243.373 28.072
6119.690 5255.178 10.215
6119.639 5243.884 29.221
6119.602 5235.199 10.783
6119.606 5245.956 23.408
6119.592 5234.039 10.875
6119.585 5260.425 14.988
6119.578 5249.837 23.833
6119.576 5239.372 27.557
6119.558 5251.997 9.520
6119.570 5242.756 30.033
6119.525 5261.005 14.947
6119.529 5247.001 26.717
6119.512 5232.091 12.567
6119.503 5234.641 12.214
6119.490 5257.008 10.203
6119.479 5249.419 25.083
6119.458 5253.047 9.518
6119.433 5235.860 11.392
6119.420 5255.908 9.975
6119.380 5262.793 20.605
6119.357 5245.949 24.958
6119.345 5261.115 14.917
6119.336 5237.015 14.921
6119.328 5252.697 9.479
6119.338 5246.411 26.508
6119.339 5244.594 28.530
6119.328 5250.527 23.692
6119.330 5243.395 29.732
6119.309 5262.500 18.515
6119.276 5261.705 14.917
6119.274 5239.599 24.797
6119.257 5237.597 16.360
6119.247 5250.427 9.462
6119.258 5240.554 28.536
6119.249 5238.100 18.359
6119.246 5243.787 23.961
6119.230 5256.569 10.324
6119.220 5257.738 9.962
6119.213 5236.540 11.561
6119.220 5262.913 20.505
6119.209 5253.777 9.488
6119.216 5240.121 26.317
6119.195 5259.015 15.080
6119.162 5235.369 11.003
6119.159 5262.570 18.536
6119.142 5232.850 11.177
6119.142 5239.174 21.508
6119.131 5263.473 20.484
6119.106 5261.815 14.937
6119.109 5245.233 28.360
6119.096 5236.515 14.672
6119.078 5253.427 9.458
6119.064 5245.743 20.699
6119.053 5258.761 12.291
6119.050 5244.095 29.161
6119.026 5262.425 14.926
6119.018 5251.127 9.511
6119.028 5241.244 28.605
6119.013 5236.001 11.742
6119.009 5238.769 18.199
6119.007 5247.988 24.396
6118.997 5240.093 27.657
6118.982 5233.521 11.906
6118.981 5263.593 20.464
6118.970 5257.298 10.193
6118.959 5254.487 9.497
6118.955 5259.715 15.080
6118.935 5258.655 15.131
6118.939 5241.755 29.664
6118.916 5237.155 15.101
6118.900 5258.507 9.401
6118.886 5262.495 15.016
6118.877 5250.598 9.512
6118.888 5240.634 28.566
6118.881 5264.163 20.414
6118.849 5254.127 9.467
6118.853 5239.226 22.518
6118.849 5245.903 27.969
6118.820 5239.410 18.518
6118.809 5231.547 8.939
6118.797 5247.357 23.867
6118.778 5251.838 9.581
6118.790 5242.316 30.134
6118.777 5237.766 15.780
6118.771 5232.129 10.788
6118.779 5244.774 28.660
6118.741 5264.283 20.373
6118.719 5255.188 9.526
6118.715 5260.395 14.989
6118.691 5258.038 9.922
6118.685 5259.365 15.060
6118.678 5241.264 28.525
6118.673 5239.846 22.817
6118.662 5234.260 10.985
6118.651 5264.833 20.383
6118.647 5248.827 23.565
6118.632 5236.789 10.232
6118.619 5254.818 9.557
6118.618 5238.387 16.349
6118.615 5241.569 24.975
6118.602 5232.790 11.387
6118.599 5246.573 27.648
6118.579 5238.930 18.099
6118.579 5241.805 29.505
6118.570 5242.946 30.063
6118.548 5252.528 9.570
6118.547 5248.057 23.536
6118.530 5255.858 9.965
6118.519 5245.444 28.240
6118.501 5258.699 10.261
6118.497 5249.528 9.524
6118.491 5265.022 20.293
6118.485 5261.045 14.988
6118.478 5249.458 24.114
6118.450 5255.458 10.026
6118.445 5260.055 15.010
6118.418 5251.988 9.581
6118.429 5242.376 29.974
6118.414 5235.513 13.063
6118.412 5233.451 11.656
6118.403 5237.469 10.181
6118.381 5231.161 11.630
6118.391 5265.533 20.242
6118.362 5234.989 10.364
6118.347 5248.697 23.725
6118.327 5236.668 16.662
6118.298 5253.228 9.519
6118.270 5243.665 29.382
6118.256 5261.705 14.947
6118.243 5238.109 10.700
6118.241 5265.723 20.172
6118.220 5256.648 9.504
6118.210 5237.812 19.860
6118.205 5260.755 14.979
6118.200 5256.178 9.995
6118.209 5246.163 27.419
6118.188 5252.688 9.540
6118.149 5262.991 19.106
6118.129 5231.257 9.000
6118.141 5266.233 20.151
6118.119 5243.095 29.043
6118.106 5239.264 13.699
6118.090 5263.453 20.325
6118.074 5239.409 24.718
6118.061 5231.889 10.699
6118.059 5253.938 9.478
6118.041 5234.199 10.116
6118.037 5237.397 16.071
6118.016 5262.385 14.947
6118.010 5257.328 9.834
6118.009 5246.803 27.498
6117.996 5239.951 25.988
6117.991 5266.423 20.071
6117.987 5249.486 22.574
6117.973 5238.819 10.309
6117.966 5261.455 14.968
6117.960 5238.492 19.680
6117.947 5262.857 16.136
6117.940 5256.908 9.754
6117.938 5253.408 9.499
6117.947 5247.648 24.207
6117.933 5236.360 10.723
6117.939 5244.414 28.412
6117.882 5234.900 10.905
6117.882 5266.953 20.080
6117.851 5232.590 11.088
6117.852 5231.401 11.940
6117.851 5264.123 20.254
6117.846 5240.541 26.537
6117.827 5236.548 16.673
6117.819 5254.648 9.477
6117.829 5243.794 28.332
6117.828 5241.024 28.356
6117.810 5263.273 20.266
6117.801 5239.123 20.289
6117.779 5262.920 18.486
6117.778 5248.269 24.686
6117.746 5246.928 9.538
6117.750 5237.622 19.931
6117.743 5235.541 11.764
6117.752 5267.152 20.010
6117.745 5259.396 15.091
6117.750 5245.024 28.671
6117.736 5262.155 14.947
6117.730 5258.108 9.613
6117.709 5254.108 9.498
6117.690 5257.618 9.683
6117.675 5258.945 14.752
6117.669 5244.385 28.742
6117.650 5255.309 10.107
6117.654 5239.179 24.929
6117.642 5267.653 20.010
6117.603 5259.152 12.311
6117.601 5264.793 20.094
6117.571 5233.330 10.607
6117.561 5238.263 20.230
6117.561 5263.983 20.155
6117.541 5232.140 11.059
6117.538 5252.378 9.541
6117.548 5241.723 27.786
6117.537 5237.247 16.022
6117.506 5247.638 9.537
6117.506 5262.836 14.996
6117.505 5260.096 15.040
6117.502 5267.853 19.939
6117.485 5259.606 15.011
6117.469 5254.818 9.407
6117.465 5239.820 25.068
6117.443 5237.779 10.481
6117.437 5248.998 9.536
6117.449 5245.734 27.910
6117.450 5245.025 28.731
6117.413 5250.080 17.954
6117.418 5240.774 28.267
6117.382 5236.289 10.393
6117.392 5268.333 19.919
6117.371 5265.433 20.043
6117.360 5258.987 8.822
6117.360 5256.069 9.806
6117.367 5247.858 24.097
6117.356 5240.371 25.968
6117.330 5258.477 8.853
6117.337 5249.147 22.985
6117.338 5242.384 27.915
6117.311 5238.953 19.900
6117.311 5264.683 20.034
6117.291 5234.059 10.216
6117.288 5252.078 9.491
6117.286 5248.338 9.567
6117.278 5253.118 9.530
6117.265 5260.796 14.999
6117.251 5232.839 10.288
6117.255 5260.286 15.040
6117.249 5255.508 9.507
6117.252 5268.562 19.819
6117.219 5242.935 28.744
6117.196 5240.961 26.267
6117.189 5245.704 28.240
6117.173 5236.960 10.462
6117.160 5259.108 9.342
6117.152 5269.002 19.828
6117.122 5230.703 13.321
6117.131 5266.113 19.972
6117.119 5246.482 26.979
6117.107 5249.807 22.875
6117.071 5265.393 19.963
6117.048 5252.788 9.521
6117.039 5253.828 9.519
6117.031 5234.779 10.016
6117.027 5241.552 26.646
6117.006 5261.536 14.989
6117.005 5261.006 14.989
6116.999 5256.907 8.905
6117.002 5269.272 19.718
6116.973 5237.620 10.642
6116.946 5248.716 22.506
6116.944 5238.579 24.370
6116.929 5256.318 8.936
6116.929 5243.634 28.103
6116.913 5235.421 11.175
6116.910 5233.578 9.007
6116.902 5269.703 19.737
6116.882 5244.181 18.473
6116.881 5266.793 19.851
6116.847 5250.496 22.604
6116.832 5231.393 12.560
6116.831 5266.083 19.902
6116.827 5242.242 26.855
6116.799 5254.518 9.518
6116.798 5253.518 9.480
6116.790 5263.433 20.136
6116.776 5261.706 15.018
6116.760 5257.628 8.904
6116.768 5246.542 26.549
6116.756 5262.256 14.968
6116.754 5239.229 24.760
6116.752 5269.982 19.657
6116.716 5249.386 22.386
6116.718 5242.793 27.645
6116.693 5238.339 10.091
6116.689 5257.038 8.925
6116.681 5234.268 8.997
6116.659 5230.887 8.491
6116.665 5259.446 15.162
6116.658 5249.878 23.635
6116.650 5238.282 19.591
6116.643 5236.130 10.734
6116.653 5270.382 19.637
6116.642 5267.473 19.791
6116.635 5239.801 25.579
6116.598 5263.289 17.236
6116.581 5266.783 19.822
6116.580 5263.553 19.996
6116.579 5263.171 18.397
6116.578 5244.392 26.873
6116.559 5254.228 9.499
6116.540 5264.133 19.965
6116.536 5262.406 14.998
6116.521 5234.909 9.586
6116.533 5270.653 19.736
6116.506 5262.986 14.977
6116.508 5243.424 27.684
6116.489 5255.298 8.948
6116.487 5247.528 23.578
6116.439 5258.427 8.283
6116.419 5231.567 8.440
6116.415 5260.166 15.081
6116.413 5271.092 19.596
6116.398 5252.069 9.542
6116.392 5268.163 19.720
6116.375 5259.546 15.172
6116.369 5257.847 8.304
6116.348 5245.052 26.802
6116.330 5239.031 18.780
6116.326 5237.975 14.512
6116.332 5267.493 19.731
6116.330 5264.283 19.875
6116.327 5248.109 24.098
6116.312 5259.430 10.842
6116.315 5240.519 24.658
6116.306 5263.096 15.027
6116.294 5237.452 11.942
6116.291 5235.598 9.475
6116.291 5264.833 19.855
6116.272 5236.898 9.473
6116.273 5239.218 23.400
6116.250 5232.248 9.060
6116.263 5271.412 19.455
6116.249 5256.028 8.947
6116.249 5255.008 8.928
6116.200 5259.127 8.302
6116.187 5247.558 23.639
6116.178 5244.172 26.583
6116.171 5238.804 20.681
6116.165 5260.876 15.040
6116.153 5271.802 19.445
6116.138 5252.819 9.581
6116.142 5268.863 19.629
6116.130 5258.547 8.313
6116.135 5241.150 25.057
6116.125 5260.266 15.041
6116.118 5251.859 9.483
6116.117 5238.666 14.771
6116.102 5259.451 11.572
6116.104 5239.838 23.839
6116.091 5264.983 19.794
6116.079 5238.390 17.891
6116.062 5236.299 9.514
6116.072 5268.243 19.610
6116.056 5241.692 26.347
6116.032 5237.629 9.512
6116.029 5230.867 8.482
6116.041 5265.533 19.774
6116.019 5255.698 9.047
6116.028 5245.791 26.041
6116.000 5232.948 8.959
6116.005 5240.390 24.889
6115.993 5272.152 19.365
6115.978 5242.224 27.606
6115.967 5248.208 23.608
6115.957 5248.917 22.917
6115.939 5243.598 15.934
6115.926 5261.586 15.019
6115.919 5256.847 8.336
6115.928 5244.852 26.332
6115.910 5259.247 8.503
6115.913 5272.492 19.384
6115.902 5269.523 19.538
6115.896 5245.488 23.102
6115.886 5260.986 15.020
6115.872 5240.874 20.778
6115.844 5237.522 11.643
6115.832 5236.989 9.473
6115.841 5265.693 19.714
6115.818 5252.618 8.972
6115.809 5231.537 8.491
6115.822 5268.953 19.519
6115.808 5253.658 8.990
6115.808 5245.403 27.032
6115.798 5246.462 26.010
6115.788 5242.864 27.985
6115.787 5241.492 26.577
6115.781 5266.293 19.713
6115.775 5241.050 24.648
6115.760 5233.658 8.978
6115.767 5249.548 23.196
6115.753 5272.872 19.294
6115.699 5256.517 8.446
6115.708 5242.014 27.717
6115.696 5262.266 15.029
6115.689 5257.557 8.475
6115.684 5238.152 12.182
6115.673 5273.162 19.303
6115.662 5270.173 19.448
6115.656 5261.686 15.029
6115.620 5232.198 8.770
6115.612 5237.679 9.473
6115.614 5244.696 21.933
6115.619 5243.485 28.415
6115.604 5242.077 22.497
6115.591 5266.403 19.603
6115.578 5253.348 8.951
6115.588 5247.122 26.170
6115.582 5269.663 19.478
6115.559 5230.418 8.593
6115.558 5254.418 9.059
6115.548 5242.605 28.066
6115.531 5234.358 8.997
6115.522 5240.784 20.628
6115.521 5267.023 19.592
6115.509 5263.681 18.557
6115.494 5273.582 19.203
6115.488 5246.152 26.091
6115.466 5262.947 15.028
6115.455 5245.307 22.382
6115.440 5258.298 8.534
6115.439 5257.247 8.326
6115.440 5264.143 19.756
6115.420 5232.868 8.919
6115.433 5270.823 19.377
6115.424 5273.832 19.203
6115.416 5262.377 15.029
6115.393 5238.349 9.532
6115.395 5260.007 15.072
6115.358 5243.215 28.185
6115.351 5267.113 19.512
6115.332 5270.373 19.368
6115.309 5231.128 8.512
6115.301 5235.048 8.996
6115.278 5254.127 8.440
6115.288 5244.224 27.464
6115.271 5267.743 19.521
6115.269 5263.792 18.807
6115.233 5259.803 12.272
6115.229 5257.938 8.595
6115.227 5263.627 15.067
6115.210 5259.008 8.633
6115.208 5255.287 8.439
6115.190 5233.568 8.969
6115.200 5264.853 19.675
6115.186 5263.077 15.028
6115.183 5271.492 19.266
6115.170 5264.313 19.666
6115.165 5259.707 15.072
6115.145 5260.727 15.061
6115.108 5252.348 8.973
6115.101 5267.823 19.451
6115.079 5231.808 8.531
6115.083 5271.103 19.287
6115.067 5263.668 15.877
6115.041 5235.788 8.946
6115.038 5254.848 8.429
6115.020 5238.432 19.262
6115.022 5268.443 19.451
6115.005 5239.880 24.780
6114.997 5248.168 23.239
6114.980 5258.668 8.584
6114.988 5244.003 26.934
6114.961 5234.288 8.968
6114.967 5247.119 23.630
6114.950 5259.728 8.563
6114.949 5256.088 8.528
6114.951 5265.543 19.615
6114.943 5272.182 19.205
6114.925 5260.417 15.062
6114.911 5239.014 20.201
6114.910 5265.053 19.565
6114.906 5261.447 15.040
6114.872 5236.429 9.505
6114.865 5240.461 25.429
6114.847 5238.048 15.643
6114.839 5232.478 8.500
6114.852 5268.543 19.340
6114.828 5230.386 7.313
6114.829 5255.548 8.558
6114.827 5245.091 25.503
6114.823 5271.833 19.146
6114.797 5253.118 8.432
6114.806 5240.973 26.739
6114.798 5244.623 27.054
6114.772 5269.153 19.350
6114.741 5234.978 9.007
6114.748 5245.613 26.682
6114.729 5231.018 8.552
6114.730 5259.388 8.573
6114.721 5259.830 10.223
6114.727 5247.798 23.429
6114.699 5256.838 8.637
6114.701 5266.253 19.474
6114.686 5261.117 15.041
6114.683 5272.872 19.075
6114.660 5233.138 9.000
6114.671 5265.753 19.514
6114.656 5262.157 15.049
6114.642 5237.119 9.424
6114.599 5256.258 8.618
6114.602 5269.283 19.270
6114.597 5241.603 26.798
6114.584 5248.594 19.948
6114.573 5272.552 19.085
6114.558 5253.828 8.431
6114.542 5250.578 15.846
6114.548 5245.303 26.753
6114.511 5235.658 8.966
6114.509 5231.698 8.532
6114.522 5269.843 19.249
6114.508 5246.293 26.542
6114.504 5239.750 24.441
6114.498 5237.779 16.853
6114.467 5252.638 8.413
6114.471 5266.913 19.453
6114.456 5261.817 15.050
6114.439 5257.608 8.626
6114.443 5273.542 19.014
6114.436 5248.528 22.818
6114.437 5242.214 27.237
6114.420 5233.849 9.009
6114.431 5266.463 19.404
6114.412 5237.809 9.473
6114.416 5262.867 15.039
6114.395 5240.301 25.250
6114.390 5238.864 19.792
6114.380 5264.053 19.547
6114.349 5256.988 8.527
6114.352 5270.003 19.179
6114.338 5254.538 8.650
6114.328 5245.943 26.712
6114.318 5238.420 17.203
6114.323 5273.272 19.024
6114.291 5236.339 8.945
6114.291 5239.445 20.831
6114.269 5232.398 8.501
6114.282 5270.543 19.158
6114.238 5253.328 8.492
6114.228 5242.864 27.326
6114.221 5267.613 19.302
6114.210 5258.338 8.745
6114.206 5262.527 15.019
6114.181 5234.549 9.008
6114.173 5238.529 9.503
6114.181 5267.173 19.333
6114.167 5263.587 15.038
6114.148 5263.989 16.467
6114.132 5236.969 9.575
6114.129 5257.678 8.616
6114.130 5264.753 19.456
6114.102 5270.733 19.108
6114.065 5260.317 15.192
6114.058 5255.308 8.509
6114.050 5233.068 8.480
6114.018 5254.018 8.601
6114.023 5271.273 19.077
6114.016 5241.562 25.548
6114.009 5263.982 18.487
6113.984 5241.109 23.499
6113.982 5268.293 19.271
6113.977 5247.280 24.151
6113.978 5243.524 27.076
6113.966 5263.257 15.028
6113.931 5235.259 8.957
6113.930 5259.128 8.644
6113.931 5267.903 19.242
6113.910 5264.493 19.397
6113.897 5251.518 8.525
6113.892 5237.679 9.464
6113.890 5258.418 8.595
6113.880 5233.719 8.979
6113.881 5265.473 19.405
6113.875 5260.137 15.133
6113.837 5237.399 16.554
6113.843 5271.453 18.997
6113.829 5237.902 18.504
6113.823 5260.162 11.663
6113.809 5256.028 8.519
6113.807 5246.900 24.241
6113.788 5230.487 7.574
6113.798 5244.124 27.255
6113.787 5242.674 27.117
6113.776 5261.127 15.042
6113.773 5271.993 18.997
6113.758 5254.758 8.490
6113.756 5242.251 25.098
6113.740 5238.484 19.803
6113.737 5263.957 15.078
6113.722 5269.033 19.131
6113.701 5235.949 9.026
6113.701 5249.967 14.837
6113.688 5229.817 8.055
6113.683 5238.360 9.523
6113.692 5268.613 19.141
6113.660 5259.918 8.573
6113.660 5259.128 8.634
6113.651 5234.399 8.959
6113.660 5265.213 19.336
6113.647 5252.268 8.574
6113.625 5260.857 15.062
6113.601 5239.075 20.642
6113.603 5272.173 18.926
6113.591 5266.283 19.285
6113.587 5247.570 24.150
6113.559 5256.758 8.488
6113.558 5244.784 26.964
6113.536 5261.867 15.101
6113.536 5248.188 22.560
6113.518 5231.197 7.353
6113.518 5255.478 8.490
6113.523 5241.986 21.448
6113.493 5272.752 18.726
6113.487 5243.403 26.326
6113.468 5230.498 8.024
6113.482 5269.723 19.090
6113.461 5236.649 8.986
6113.462 5260.231 10.583
6113.461 5249.547 15.168
6113.431 5235.099 9.008
6113.442 5269.333 19.080
6113.421 5265.923 19.255
6113.410 5259.868 8.554
6113.408 5252.978 8.553
6113.399 5231.858 8.552
6113.406 5261.557 15.061
6113.367 5252.288 8.464
6113.371 5250.756 14.016
6113.371 5239.745 20.571
6113.341 5266.993 19.234
6113.319 5257.458 8.517
6113.308 5245.463 26.684
6113.303 5272.962 18.586
6113.286 5262.607 15.090
6113.279 5256.198 8.489
6113.287 5244.043 26.416
6113.252 5240.306 21.441
6113.248 5237.831 17.484
6113.232 5237.319 9.005
6113.232 5270.413 18.989
6113.191 5235.789 8.967
6113.168 5231.227 7.323
6113.182 5270.063 18.950
6113.168 5253.678 8.552
6113.171 5266.633 19.184
6113.166 5262.257 15.030
6113.149 5232.578 8.491
6113.156 5241.723 26.169
6113.149 5238.392 18.563
6113.137 5252.988 8.543
6113.100 5258.129 8.616
6113.101 5238.934 20.083
6113.069 5231.838 8.553
6113.081 5267.713 19.103
6113.064 5241.369 23.609
6113.063 5240.927 21.730
6113.058 5244.693 26.265
6113.039 5256.918 8.508
6113.036 5263.348 15.079
6113.017 5242.294 26.838
6112.971 5236.479 9.006
6112.941 5239.545 20.572
6112.942 5271.172 18.558
6112.936 5262.968 15.040
6112.928 5254.388 8.521
6112.921 5267.363 19.064
6112.900 5233.308 8.481
6112.909 5264.341 17.708
6112.898 5253.698 8.512
6112.888 5245.303 26.464
6112.882 5270.882 18.549
6112.880 5264.793 19.217
6112.850 5258.849 8.555
6112.829 5232.528 8.462
6112.841 5268.413 19.052
6112.822 5240.116 21.401
6112.799 5257.628 8.497
6112.795 5260.568 15.153
6112.787 5264.078 15.148
6112.783 5241.606 21.249
6112.767 5229.517 7.366
6112.777 5242.954 26.667
6112.752 5237.159 9.005
6112.759 5264.402 18.498
6112.717 5263.668 15.149
6112.706 5246.499 23.613
6112.702 5271.822 18.508
6112.688 5255.089 8.531
6112.667 5251.509 8.516
6112.673 5240.717 21.931
6112.660 5234.008 8.480
6112.658 5254.409 8.512
6112.661 5268.113 18.963
6112.630 5264.953 19.187
6112.620 5265.563 19.156
6112.600 5259.579 8.545
6112.590 5233.258 8.461
6112.592 5269.103 18.951
6112.560 5258.359 8.506
6112.546 5261.288 15.092
6112.543 5272.383 18.787
6112.522 5237.859 9.005
6112.518 5230.237 7.395
6112.481 5234.659 9.009
6112.476 5242.262 25.569
6112.473 5241.357 22.080
6112.463 5272.193 18.807
6112.449 5255.799 8.520
6112.432 5260.622 10.993
6112.427 5252.209 8.525
6112.427 5264.457 14.768
6112.418 5255.129 8.521
6112.422 5249.210 16.769
6112.427 5243.743 25.777
6112.424 5241.859 23.389
6112.387 5251.149 8.506
6112.391 5268.853 18.802
6112.380 5265.683 19.056
6112.360 5233.969 8.470
6112.356 5246.260 23.973
6112.351 5266.333 19.105
6112.330 5260.339 8.514
6112.330 5259.059 8.545
6112.326 5260.758 15.183
6112.306 5261.958 15.112
6112.304 5246.895 20.502
6112.288 5230.927 7.464
6112.297 5242.873 25.898
6112.292 5269.873 18.521
6112.251 5235.349 9.018
6112.217 5229.637 7.376
6112.223 5249.870 16.988
6112.209 5256.519 8.539
6112.201 5234.609 9.049
6112.198 5237.541 17.145
6112.187 5252.929 8.524
6112.179 5255.849 8.500
6112.157 5251.849 8.506
6112.151 5266.393 19.005
6112.122 5269.613 18.571
6112.102 5270.493 18.800
6112.091 5267.093 18.985
6112.080 5259.799 8.515
6112.076 5262.628 15.131
6112.076 5261.468 15.142
6112.073 5260.653 11.853
6112.072 5260.231 10.154
6112.048 5231.627 7.394
6112.047 5243.552 25.597
6112.020 5238.674 19.624
6112.001 5236.070 9.018
6111.988 5230.327 7.365
6111.986 5244.600 23.976
6111.971 5235.299 9.019
6111.949 5257.269 8.528
6111.948 5238.241 17.035
6111.939 5256.559 8.509
6111.938 5253.659 8.523
6111.934 5247.734 19.291
6111.917 5252.569 8.505
6111.912 5270.283 18.770
6111.901 5267.113 18.875
6111.830 5238.494 19.744
6111.821 5239.305 19.853
6111.799 5232.337 7.383
6111.772 5239.817 21.353
6111.762 5236.780 9.027
6111.748 5231.037 7.375
6111.761 5267.923 18.494
6111.756 5245.250 23.965
6111.741 5235.980 9.038
6111.709 5257.989 8.517
6111.699 5257.269 8.518
6111.688 5253.269 8.504
6111.678 5254.419 8.512
6111.670 5233.009 8.492
6111.676 5244.351 24.336
6111.620 5239.145 19.764
6111.610 5264.773 18.508
6111.582 5258.972 11.016
6111.561 5268.593 18.733
6111.533 5247.554 19.212
6111.521 5236.660 9.007
6111.518 5231.717 7.384
6111.512 5237.500 9.006
6111.500 5258.669 8.797
6111.497 5250.789 8.558
6111.491 5258.382 10.517
6111.493 5248.632 17.711
6111.477 5229.177 7.387
6111.463 5263.442 10.970
6111.458 5253.969 8.523
6111.466 5245.960 23.354
6111.449 5258.009 8.498
6111.450 5265.354 18.957
6111.438 5255.139 8.552
6111.420 5233.729 8.501
6111.411 5268.573 18.763
6111.401 5240.625 20.122
6111.391 5239.814 19.613
6111.322 5259.013 10.976
6111.312 5259.722 10.815
6111.299 5232.398 7.483
6111.292 5237.370 8.996
6111.287 5264.848 14.738
6111.272 5238.220 8.995
6111.247 5251.509 8.507
6111.238 5229.868 7.407
6111.251 5269.423 18.442
6111.223 5262.982 10.861
6111.218 5254.699 8.532
6111.204 5264.162 10.869
6111.190 5233.009 8.562
6111.189 5255.869 8.511
6111.190 5265.003 18.578
6111.185 5245.278 22.075
6111.170 5234.449 8.480
6111.170 5266.083 18.607
6111.161 5240.474 19.472
6111.158 5240.330 16.102
6111.127 5251.049 8.517
6111.129 5248.555 13.061
6111.133 5248.432 17.771
6111.062 5238.060 9.015
6111.032 5238.940 9.034
6111.032 5259.792 10.575
6111.031 5256.902 10.899
6111.022 5260.512 10.564
6111.007 5252.219 8.506
6110.998 5230.568 7.416
6110.997 5229.448 7.477
6111.008 5264.859 15.788
6110.978 5255.429 8.512
6110.974 5264.883 11.008
6110.975 5245.928 22.135
6110.963 5263.722 10.810
6110.950 5233.689 8.462
6110.961 5266.723 18.786
6110.939 5256.589 8.530
6110.930 5235.159 8.480
6110.901 5241.164 19.121
6110.887 5251.779 8.497
6110.851 5256.453 10.980
6110.802 5238.790 8.835
6110.804 5247.055 19.903
6110.791 5257.613 10.909
6110.782 5261.222 10.604
6110.782 5260.522 10.565
6110.779 5256.100 8.801
6110.768 5230.128 7.427
6110.757 5252.949 8.505
6110.760 5238.425 19.545
6110.751 5235.830 9.009
6110.748 5231.308 7.415
6110.760 5266.364 18.797
6110.744 5264.423 10.919
6110.720 5234.389 8.511
6110.701 5267.433 18.605
6110.647 5252.489 8.506
6110.638 5241.759 15.661
6110.635 5264.964 11.809
6110.591 5257.203 10.799
6110.553 5261.942 10.663
6110.552 5261.222 10.644
6110.553 5243.276 20.789
6110.538 5230.828 7.426
6110.518 5253.669 8.534
6110.511 5236.520 9.008
6110.498 5232.018 7.424
6110.501 5258.392 10.568
6110.488 5241.519 15.691
6110.480 5235.099 8.460
6110.474 5246.885 19.924
6110.436 5275.788 7.404
6110.408 5253.209 8.495
6110.404 5243.867 21.308
6110.403 5243.026 20.429
6110.355 5275.618 7.404
6110.340 5254.783 10.933
6110.329 5231.538 7.735
6110.328 5242.539 15.120
6110.323 5262.643 10.782
6110.323 5261.933 10.683
6110.321 5257.952 10.539
6110.316 5249.879 8.530
6110.314 5243.578 21.528
6110.268 5254.410 8.573
6110.269 5242.210 15.770
6110.259 5232.708 7.433
6110.260 5254.243 10.894
6110.251 5235.800 8.549
6110.241 5259.142 10.567
6110.224 5244.478 21.647
6110.211 5237.259 8.497
6110.196 5276.468 7.423
6110.191 5246.720 15.984
6110.178 5253.910 8.504
6110.179 5243.150 15.879
6110.137 5228.678 7.389
6110.136 5276.268 7.393
6110.103 5262.623 10.812
6110.101 5258.642 10.618
6110.083 5263.353 10.851
6110.077 5250.600 8.559
6110.069 5232.258 7.394
6110.070 5255.553 10.872
6110.060 5265.273 18.459
6110.039 5233.398 7.603
6110.030 5254.953 10.893
6110.021 5236.500 8.548
6110.005 5273.898 7.437
6109.992 5259.873 10.606
6109.972 5237.970 8.526
6109.938 5242.988 14.880
6109.926 5249.690 8.480
6109.934 5245.207 21.116
6109.933 5244.386 20.218
6109.900 5234.020 8.522
6109.887 5229.408 7.398
6109.883 5263.313 10.961
6109.884 5244.888 21.477
6109.874 5264.013 11.030
6109.870 5243.520 16.129
6109.862 5259.373 10.617
6109.837 5251.300 8.538
6109.829 5232.948 7.363
6109.825 5273.678 7.417
6109.790 5256.323 10.601
6109.781 5237.190 8.498
6109.762 5260.583 10.665
6109.750 5255.703 10.602
6109.745 5274.648 7.386
6109.686 5250.440 8.499
6109.678 5230.129 7.787
6109.677 5228.408 7.400
6109.660 5234.710 8.471
6109.658 5250.932 9.999
6109.649 5252.383 10.527
6109.644 5264.713 11.000
6109.644 5264.053 10.971
6109.640 5244.210 16.138
6109.622 5260.083 10.646
6109.609 5233.638 7.413
6109.607 5251.990 8.497
6109.601 5238.808 7.506
6109.565 5274.438 7.366
6109.551 5257.023 10.630
6109.532 5261.283 10.735
6109.520 5256.403 10.611
6109.490 5234.270 8.522
6109.495 5275.378 7.375
6109.494 5271.958 7.420
6109.479 5253.013 10.956
6109.461 5237.939 7.637
6109.447 5229.088 7.399
6109.448 5251.622 10.188
6109.431 5235.400 8.500
6109.408 5230.848 7.457
6109.404 5242.980 8.630
6109.404 5265.413 11.019
6109.404 5264.763 11.010
6109.402 5260.793 10.725
6109.361 5239.538 7.515
6109.364 5271.888 7.440
6109.329 5252.213 10.967
6109.325 5275.178 7.485
6109.323 5261.953 11.014
6109.321 5257.723 10.680
6109.281 5257.133 10.640
6109.270 5234.950 8.521
6109.246 5276.078 7.374
6109.218 5229.768 7.408
6109.214 5272.758 7.389
6109.203 5261.453 11.015
6109.191 5238.678 7.336
6109.191 5236.110 8.520
6109.196 5266.466 12.898
6109.189 5253.803 10.645
6109.168 5231.548 7.416
6109.165 5266.113 11.048
6109.154 5265.523 11.009
6109.126 5249.230 8.711
6109.122 5240.249 7.584
6109.114 5272.648 7.389
6109.107 5266.357 13.858
6109.083 5262.663 10.993
6109.066 5275.939 7.435
6109.061 5258.463 10.669
6109.059 5252.953 10.676
6109.051 5235.630 8.580
6109.051 5257.833 10.660
6109.022 5244.207 6.419
6108.981 5239.349 7.505
6108.978 5230.478 7.398
6108.973 5262.163 11.024
6108.960 5254.503 10.724
6108.955 5273.548 7.418
6108.953 5269.919 7.483
6108.938 5250.353 11.020
6108.929 5232.248 7.375
6108.912 5243.927 6.439
6108.886 5249.940 8.751
6108.882 5240.949 7.643
6108.867 5228.478 7.410
6108.865 5273.409 7.398
6108.853 5263.364 11.102
6108.838 5249.473 10.821
6108.829 5253.683 10.656
6108.822 5259.183 10.738
6108.821 5258.523 10.729
6108.800 5236.938 7.359
6108.776 5249.080 8.572
6108.753 5241.570 8.582
6108.752 5240.039 7.584
6108.738 5231.178 7.367
6108.743 5262.864 11.103
6108.723 5269.609 7.404
6108.710 5255.233 10.624
6108.695 5274.319 7.507
6108.694 5270.669 7.462
6108.680 5236.438 7.380
6108.679 5232.969 7.394
6108.668 5251.083 10.789
6108.654 5248.746 5.833
6108.633 5240.660 8.594
6108.617 5229.199 7.440
6108.625 5274.149 7.407
6108.618 5250.163 10.911
6108.604 5264.094 11.101
6108.600 5254.383 10.695
6108.592 5259.213 10.768
6108.572 5259.933 10.727
6108.561 5237.649 7.368
6108.526 5264.988 13.910
6108.498 5231.869 7.356
6108.504 5263.594 11.102
6108.490 5255.933 10.723
6108.483 5270.339 7.403
6108.456 5264.458 13.881
6108.440 5237.139 7.359
6108.439 5233.689 7.403
6108.445 5275.089 7.556
6108.434 5271.409 7.421
6108.419 5251.793 10.698
6108.385 5274.879 7.487
6108.368 5229.909 7.419
6108.360 5255.113 10.644
6108.352 5259.933 10.767
6108.348 5250.923 10.660
6108.344 5264.844 11.130
6108.332 5260.654 10.866
6108.321 5238.339 7.347
6108.324 5264.234 11.461
6108.309 5232.529 7.745
6108.282 5242.478 6.661
6108.276 5265.708 13.859
6108.261 5256.623 10.732
6108.247 5228.589 7.451
6108.234 5271.079 7.412
6108.212 5238.940 8.476
6108.211 5237.839 7.338
6108.199 5234.409 7.393
6108.206 5265.208 13.830
6108.182 5241.548 6.763
6108.184 5272.139 7.411
6108.179 5252.483 10.708
6108.166 5275.879 7.375
6108.147 5247.944 11.014
6108.140 5255.813 10.693
6108.132 5260.624 10.846
6108.118 5230.619 7.388
6108.125 5275.649 7.406
6108.119 5251.623 10.689
6108.116 5247.481 8.855
6108.102 5238.440 8.467
6108.103 5268.389 7.426
6108.103 5261.384 11.025
6108.087 5247.604 10.995
6108.045 5247.171 8.855
6108.044 5247.077 6.365
6108.041 5257.304 10.771
6108.032 5243.208 6.591
6108.029 5233.259 7.384
6108.007 5229.279 7.420
6107.994 5246.758 6.606
6107.997 5266.457 13.569
6107.984 5271.839 7.391
6107.950 5235.139 7.382
6107.949 5253.153 10.737
6107.942 5242.258 6.712
6107.934 5272.859 7.430
6107.926 5265.977 13.589
6107.913 5261.304 10.996
6107.911 5256.543 10.722
6107.889 5252.323 10.708
6107.878 5231.309 7.447
6107.878 5248.694 10.803
6107.863 5268.489 7.406
6107.863 5262.094 11.055
6107.853 5269.119 7.415
6107.855 5262.188 13.865
6107.837 5248.334 10.804
6107.811 5257.994 10.810
6107.801 5239.758 7.026
6107.799 5233.949 7.394
6107.807 5267.088 13.878
6107.805 5262.938 13.904
6107.772 5243.948 6.500
6107.768 5229.989 7.429
6107.734 5272.599 7.390
6107.711 5239.279 7.096
6107.709 5231.960 8.116
6107.709 5253.854 10.706
6107.702 5242.958 6.631
6107.700 5235.879 7.371
6107.695 5273.549 7.369
6107.697 5266.698 13.578
6107.693 5261.994 11.145
6107.691 5257.234 10.771
6107.659 5253.014 10.717
6107.653 5262.764 11.264
6107.628 5249.424 10.762
6107.613 5269.239 7.375
6107.615 5262.898 13.854
6107.603 5269.859 7.394
6107.588 5249.054 10.713
6107.581 5258.704 10.830
6107.569 5234.629 7.393
6107.566 5245.654 10.878
6107.561 5240.468 6.985
6107.548 5230.669 7.638
6107.546 5263.678 13.803
6107.513 5244.698 6.439
6107.484 5245.250 8.298
6107.481 5257.924 10.901
6107.471 5239.979 7.026
6107.475 5273.369 7.389
6107.470 5254.554 10.735
6107.460 5236.589 7.370
6107.465 5274.219 7.368
6107.452 5243.668 6.510
6107.447 5227.849 7.442
6107.419 5253.754 10.737
6107.388 5250.124 10.762
6107.379 5232.719 7.386
6107.359 5231.340 8.068
6107.363 5270.569 7.373
6107.358 5249.754 10.742
6107.353 5270.009 7.354
6107.346 5263.638 13.673
6107.342 5259.434 10.869
6107.330 5235.349 7.402
6107.327 5246.354 10.897
6107.316 5245.254 10.958
6107.302 5241.198 6.884
6107.294 5260.298 13.818
6107.285 5244.811 8.889
6107.251 5237.259 7.589
6107.256 5264.478 13.612
6107.233 5244.378 6.650
6107.235 5274.099 7.399
6107.231 5258.664 10.810
6107.230 5255.284 10.785
6107.221 5240.678 6.925
6107.225 5274.879 7.347
6107.207 5228.529 7.392
6107.190 5254.454 10.716
6107.168 5250.794 10.871
6107.142 5260.094 11.188
6107.138 5250.434 10.841
6107.129 5232.020 8.077
6107.134 5271.259 7.433
6107.119 5233.439 7.375
6107.124 5259.647 13.239
6107.114 5270.739 7.403
6107.090 5236.049 7.381
6107.087 5247.054 10.786
6107.086 5264.388 13.532
6107.075 5260.988 13.867
6107.066 5245.964 10.818
6107.052 5259.324 11.119
6107.042 5241.928 6.793
6107.027 5227.799 7.403
6106.995 5274.829 7.388
6106.996 5265.238 13.571
6106.994 5260.238 13.888
6106.990 5255.984 10.854
6106.982 5241.388 6.844
6106.981 5237.989 7.319
6106.967 5229.229 7.401
6106.950 5255.174 10.765
6106.919 5251.514 10.770
6106.888 5251.174 10.740
6106.884 5271.989 7.392
6106.859 5234.189 7.404
6106.864 5271.489 7.352
6106.850 5236.749 7.360
6106.856 5265.098 13.551
6106.847 5247.764 10.785
6106.837 5246.684 10.807
6106.836 5243.564 10.991
6106.835 5261.698 13.756
6106.819 5232.749 7.406
6106.804 5243.131 8.852
6106.787 5228.499 7.402
6106.782 5242.668 6.732
6106.775 5243.064 10.962
6106.755 5260.958 13.827
6106.751 5256.684 10.843
6106.744 5242.611 8.762
6106.746 5265.998 13.570
6106.732 5242.128 6.753
6106.731 5238.729 7.218
6106.728 5229.929 7.410
6106.730 5255.884 10.834
6106.679 5252.234 10.769
6106.669 5251.874 10.750
6106.621 5237.449 7.380
6106.624 5272.749 7.351
6106.610 5234.899 7.403
6106.614 5272.239 7.372
6106.616 5265.808 13.560
6106.607 5247.384 10.806
6106.597 5248.494 10.814
6106.586 5244.274 10.890
6106.585 5262.398 13.645
6106.569 5233.449 7.385
6106.557 5229.189 7.381
6106.543 5269.269 7.376
6106.541 5257.334 11.032
6106.536 5243.764 10.871
6106.497 5266.718 13.559
6106.495 5261.718 13.636
6106.494 5258.168 13.941
6106.491 5256.594 10.823
6106.478 5230.639 7.379
6106.471 5239.469 7.137
6106.473 5268.809 7.326
6106.453 5257.478 13.852
6106.439 5252.564 10.789
6106.429 5252.974 10.808
6106.371 5238.149 7.299
6106.375 5273.479 7.370
6106.367 5248.074 10.775
6106.360 5235.619 7.402
6106.367 5266.548 13.540
6106.354 5273.009 7.361
6106.346 5244.964 10.829
6106.345 5263.108 13.604
6106.338 5249.234 10.744
6106.329 5234.149 7.364
6106.318 5229.910 7.420
6106.321 5258.005 11.151
6106.301 5257.265 11.183
6106.296 5244.464 10.830
6106.297 5267.348 13.849
6106.283 5270.019 7.355
6106.255 5262.448 13.545
6106.238 5231.340 7.438
6106.244 5258.888 13.880
6106.221 5240.199 7.096
6106.223 5269.569 7.346
6106.224 5258.179 13.861
6106.215 5241.235 11.025
6106.209 5253.284 10.818
6106.190 5253.694 10.848
6106.167 5267.218 13.799
6106.138 5248.774 10.754
6106.131 5238.869 7.228
6106.135 5274.200 7.369
6106.123 5240.811 8.305
6106.110 5236.320 7.392
6106.106 5245.664 10.849
6106.105 5273.760 7.340
6106.106 5263.838 13.634
6106.090 5234.870 7.384
6106.087 5227.770 7.423
6106.088 5249.984 10.783
6106.068 5230.630 7.370
6106.056 5245.174 10.779
6106.034 5270.750 7.374
6106.026 5271.504 10.403
6106.025 5263.148 13.565
6105.988 5232.050 7.378
6105.983 5270.300 7.375
6105.980 5253.984 10.877
6105.975 5241.935 10.954
6105.974 5259.628 13.709
6105.974 5258.918 13.730
6105.950 5254.414 10.857
6105.929 5272.639 13.922
6105.916 5271.193 10.024
6105.908 5249.484 10.754
6105.891 5239.579 7.167
6105.895 5274.900 7.368
6105.898 5272.357 12.422
6105.885 5240.595 10.986
6105.870 5237.010 7.371
6105.867 5246.374 10.858
6105.863 5240.102 8.877
6105.866 5264.558 13.613
6105.858 5250.694 10.822
6105.855 5274.530 7.309
6105.840 5235.570 7.343
6105.838 5231.330 7.359
6105.837 5228.490 7.413
6105.826 5245.874 10.789
6105.826 5272.144 10.582
6105.828 5272.077 12.422
6105.806 5263.868 13.624
6105.784 5271.510 7.383
6105.779 5272.488 13.572
6105.770 5254.675 11.036
6105.749 5232.740 7.367
6105.750 5255.085 11.146
6105.746 5271.814 10.523
6105.735 5242.635 10.893
6105.734 5271.050 7.364
6105.734 5260.338 13.719
6105.734 5259.628 13.680
6105.703 5255.599 13.865
6105.683 5255.999 13.905
6105.678 5250.184 10.783
6105.637 5227.710 7.414
6105.635 5241.305 10.875
6105.636 5265.258 13.612
6105.621 5237.710 7.410
6105.619 5251.395 10.831
6105.608 5232.020 7.348
6105.607 5247.115 10.827
6105.600 5236.270 7.352
6105.597 5229.190 7.412
6105.587 5246.594 10.788
6105.570 5255.345 11.296
6105.566 5264.608 13.583
6105.557 5269.157 12.257
6105.544 5272.220 7.442
6105.519 5233.410 7.366
6105.514 5238.844 10.759
6105.511 5255.785 11.125
6105.494 5261.039 13.688
6105.494 5260.349 13.659
6105.485 5243.344 10.772
6105.484 5271.820 7.403
6105.463 5256.319 13.824
6105.448 5250.885 10.812
6105.445 5268.625 10.817
6105.437 5269.017 12.277
6105.433 5256.709 13.824
6105.405 5242.005 10.864
6105.401 5238.410 7.639
6105.387 5228.420 7.413
6105.396 5265.978 13.591
6105.389 5252.085 10.860
6105.379 5232.700 7.387
6105.385 5269.033 9.617
6105.367 5247.815 10.796
6105.360 5236.970 7.341
6105.358 5229.880 7.371
6105.357 5247.295 10.817
6105.326 5265.338 13.542
6105.313 5238.025 10.940
6105.314 5272.900 7.492
6105.294 5239.535 10.978
6105.279 5234.090 7.355
6105.264 5261.059 13.668
6105.255 5261.729 13.687
6105.246 5244.055 10.802
6105.244 5272.570 7.432
6105.223 5257.039 13.724
6105.219 5251.615 10.841
6105.201 5237.611 7.931
6105.183 5257.459 13.753
6105.169 5252.785 11.020
6105.165 5242.705 10.833
6105.167 5266.659 13.570
6105.149 5233.400 7.376
6105.147 5229.120 7.392
6105.137 5248.495 10.846
6105.117 5247.995 10.816
6105.108 5230.590 7.360
6105.096 5266.049 13.581
6105.092 5253.749 13.918
6105.074 5238.735 10.919
6105.065 5273.610 7.381
6105.034 5240.245 10.877
6105.029 5234.810 7.335
6105.025 5261.789 13.697
6105.019 5252.285 11.060
6105.015 5262.409 13.646
6105.006 5244.795 10.851
6104.983 5257.759 13.753
6104.962 5253.209 13.879
6104.936 5226.880 7.376
6104.947 5267.339 13.580
6104.940 5253.485 11.129
6104.935 5243.385 10.853
6104.933 5258.189 13.722
6104.899 5234.110 7.376
6104.898 5229.810 7.322
6104.898 5249.175 10.815
6104.888 5248.695 10.835
6104.868 5231.270 7.350
6104.876 5270.895 11.175
6104.867 5266.769 13.590
6104.842 5254.479 13.857
6104.834 5239.415 10.838
6104.799 5252.975 11.120
6104.790 5235.510 7.374
6104.785 5240.955 10.866
6104.785 5263.079 13.636
6104.773 5270.300 7.406
6104.775 5262.509 13.616
6104.756 5245.515 10.840
6104.756 5270.755 11.155
6104.757 5267.959 13.839
6104.743 5236.575 11.052
6104.743 5258.479 13.672
6104.712 5253.949 13.838
6104.696 5244.105 10.812
6104.687 5227.590 7.395
6104.694 5258.899 13.731
6104.670 5234.820 7.375
6104.678 5271.928 12.983
6104.658 5230.520 7.321
6104.658 5249.885 10.814
6104.648 5249.405 10.825
6104.628 5231.970 7.369
6104.637 5267.499 13.620
6104.621 5236.161 7.983
6104.623 5235.895 11.003
6104.618 5271.698 13.304
6104.607 5271.675 11.084
6104.584 5240.135 10.827
6104.562 5255.249 13.697
6104.556 5263.759 13.625
6104.545 5241.625 10.905
6104.535 5263.229 13.576
6104.527 5271.475 11.224
6104.524 5271.040 7.425
6104.517 5246.235 10.819
6104.500 5235.471 7.974
6104.504 5259.199 13.651
6104.483 5237.295 10.841
6104.472 5254.669 13.697
6104.468 5250.515 11.073
6104.464 5259.599 13.721
6104.456 5244.815 10.801
6104.437 5227.090 7.386
6104.428 5231.200 7.400
6104.427 5228.320 7.364
6104.418 5250.105 10.934
6104.383 5236.605 10.943
6104.379 5232.680 7.388
6104.384 5270.930 7.375
6104.361 5251.519 13.892
6104.354 5240.825 10.867
6104.351 5251.069 13.943
6104.333 5255.949 13.716
6104.305 5242.325 10.885
6104.306 5264.469 13.604
6104.306 5263.939 13.555
6104.277 5246.945 10.868
6104.274 5271.790 7.474
6104.274 5259.909 13.690
6104.243 5237.965 10.811
6104.232 5255.379 13.687
6104.226 5245.515 10.810
6104.226 5269.097 12.078
6104.224 5260.309 13.710
6104.207 5227.780 7.375
6104.209 5251.255 11.062
6104.199 5250.815 11.123
6104.178 5231.900 7.319
6104.177 5229.040 7.363
6104.154 5271.640 7.494
6104.146 5268.577 12.068
6104.133 5237.295 10.802
6104.129 5233.400 7.367
6104.115 5241.525 10.836
6104.111 5252.239 13.861
6104.103 5256.639 13.735
6104.101 5251.789 13.842
6104.076 5265.169 13.613
6104.062 5234.525 11.016
6104.066 5264.669 13.574
6104.055 5243.025 10.904
6104.047 5247.635 10.838
6104.044 5260.609 13.720
6104.024 5238.625 10.860
6104.027 5269.757 12.287
6104.003 5256.099 13.706
6103.997 5246.225 10.830
6103.984 5261.009 13.649
6103.967 5228.480 7.374
6103.950 5234.081 7.966
6103.949 5232.580 7.398
6103.928 5229.760 7.462
6103.903 5237.975 10.771
6103.907 5269.337 12.048
6103.894 5272.410 7.413
6103.885 5242.205 10.875
6103.882 5233.715 10.987
6103.863 5257.339 13.714
6103.851 5252.959 13.660
6103.841 5252.519 13.661
6103.828 5248.315 10.987
6103.826 5265.859 13.572
6103.816 5265.399 13.553
6103.802 5235.215 10.825
6103.796 5243.745 10.863
6103.794 5239.305 10.899
6103.795 5261.349 13.639
6103.783 5256.799 13.755
6103.759 5233.271 7.988
6103.765 5261.689 13.698
6103.757 5246.925 10.819
6103.747 5229.161 7.453
6103.746 5226.550 7.367
6103.740 5249.320 13.915
6103.678 5230.481 7.502
6103.674 5238.655 10.820
6103.635 5242.915 10.854
6103.638 5271.038 12.715
6103.623 5258.049 13.693
6103.612 5234.435 10.816
6103.612 5253.639 13.640
6103.611 5253.219 13.680
6103.608 5248.996 11.146
6103.607 5266.519 13.602
6103.586 5266.109 13.602
6103.567 5247.596 11.108
6103.562 5235.915 10.774
6103.565 5262.059 13.668
6103.546 5244.485 10.872
6103.544 5240.015 10.848
6103.533 5257.519 13.684
6103.518 5229.841 7.483
6103.525 5262.409 13.687
6103.507 5227.250 7.346
6103.517 5270.678 12.606
6103.490 5250.050 13.855
6103.480 5248.590 13.917
6103.478 5271.629 13.095
6103.473 5270.211 7.387
6103.434 5239.365 10.819
6103.428 5231.201 7.501
6103.406 5243.615 10.824
6103.392 5254.299 13.719
6103.388 5271.259 13.205
6103.387 5267.179 13.631
6103.384 5258.789 13.713
6103.372 5235.125 10.795
6103.379 5271.641 14.605
6103.372 5253.939 13.689
6103.341 5232.326 10.979
6103.347 5266.839 13.571
6103.333 5236.595 10.843
6103.318 5248.326 11.027
6103.315 5262.779 13.607
6103.303 5258.229 13.643
6103.294 5240.715 10.828
6103.286 5245.205 10.841
6103.268 5230.601 7.482
6103.267 5227.951 7.335
6103.275 5263.129 13.647
6103.239 5231.861 8.020
6103.240 5249.290 13.836
6103.216 5226.371 7.338
6103.224 5270.941 7.376
6103.210 5250.799 13.624
6103.204 5240.065 10.839
6103.201 5231.736 11.030
6103.177 5267.799 13.660
6103.166 5244.315 10.823
6103.162 5254.989 13.698
6103.132 5235.805 10.805
6103.134 5259.520 13.722
6103.132 5254.639 13.659
6103.107 5267.549 13.581
6103.089 5231.242 7.961
6103.083 5237.295 10.803
6103.085 5263.510 13.646
6103.074 5258.949 13.663
6103.067 5245.876 10.981
6103.065 5241.406 10.917
6103.061 5233.035 10.728
6103.036 5263.839 13.636
6103.017 5228.661 7.355
6102.998 5268.370 13.880
6102.976 5227.071 7.337
6102.984 5271.671 7.345
6102.981 5251.489 13.663
6102.980 5250.029 13.585
6102.979 5246.840 13.929
6102.964 5240.756 10.848
6102.931 5232.435 10.709
6102.926 5245.016 10.882
6102.912 5255.700 13.727
6102.903 5236.495 10.794
6102.907 5268.200 13.690
6102.880 5229.805 10.313
6102.884 5271.221 7.296
6102.884 5260.260 13.651
6102.882 5255.380 13.658
6102.859 5246.020 13.921
6102.843 5237.996 10.832
6102.846 5264.240 13.645
6102.844 5259.650 13.672
6102.825 5242.086 10.896
6102.812 5233.755 10.738
6102.797 5229.331 7.494
6102.806 5264.549 13.635
6102.751 5252.190 13.682
6102.737 5227.761 7.316
6102.740 5250.749 13.594
6102.735 5241.456 10.837
6102.731 5230.446 11.012
6102.734 5272.391 7.304
6102.719 5247.550 13.829
6102.711 5233.116 10.769
6102.663 5237.196 10.813
6102.663 5256.420 13.696
6102.653 5256.070 13.707
6102.644 5260.980 13.710
6102.630 5228.945 10.714
6102.614 5260.360 13.721
6102.609 5246.720 13.830
6102.594 5238.726 10.861
6102.588 5229.981 7.673
6102.596 5264.970 13.615
6102.585 5242.786 10.875
6102.586 5265.210 13.674
6102.562 5234.466 10.787
6102.521 5251.440 13.693
6102.517 5269.408 12.359
6102.511 5252.880 13.661
6102.497 5228.451 7.365
6102.495 5242.156 10.886
6102.497 5269.128 12.479
6102.482 5233.796 10.748
6102.461 5231.136 10.712
6102.439 5248.290 13.588
6102.433 5257.110 13.746
6102.423 5237.886 10.862
6102.420 5229.606 10.974
6102.405 5261.680 13.659
6102.403 5256.780 13.666
6102.375 5261.080 13.690
6102.366 5243.436 10.995
6102.356 5265.880 13.594
6102.356 5265.700 13.594
6102.349 5247.440 13.629
6102.344 5239.426 10.830
6102.302 5235.226 10.786
6102.288 5244.410 13.913
6102.282 5253.560 13.721
6102.281 5252.160 13.613
6102.265 5242.846 10.945
6102.252 5234.496 10.777
6102.236 5226.561 7.298
6102.221 5231.826 10.741
6102.194 5238.576 10.881
6102.180 5249.030 13.597
6102.178 5243.870 13.894
6102.173 5257.840 13.675
6102.173 5257.490 13.705
6102.165 5262.380 13.639
6102.150 5230.306 10.683
6102.147 5266.520 13.633
6102.129 5227.796 11.026
6102.137 5266.380 13.633
6102.135 5261.820 13.669
6102.119 5271.181 14.866
6102.104 5240.116 10.869
6102.096 5243.467 11.455
6102.089 5248.200 13.548
6102.063 5235.926 10.835
6102.051 5252.850 13.672
6102.038 5245.130 13.872
6102.026 5226.271 7.339
6102.032 5254.280 13.680
6102.022 5235.176 10.756
6102.017 5227.262 7.677
6101.991 5232.516 10.770
6101.949 5227.436 11.007
6101.954 5258.510 13.724
6101.944 5239.276 10.841
6101.945 5263.060 13.688
6101.938 5244.570 13.843
6101.930 5249.730 13.606
6101.923 5258.220 13.704
6101.911 5231.036 10.712
6101.917 5267.190 13.582
6101.897 5267.070 13.572
6101.895 5262.540 13.649
6101.875 5240.796 10.869
6101.860 5228.516 10.866
6101.857 5226.922 7.988
6101.860 5248.890 13.587
6101.822 5253.560 13.701
6101.813 5236.606 10.834
6101.793 5235.866 10.825
6101.772 5255.040 13.679
6101.767 5241.830 13.807
6101.758 5245.850 13.612
6101.741 5233.236 10.779
6101.714 5239.986 10.940
6101.717 5267.820 13.691
6101.714 5259.190 13.683
6101.697 5267.690 13.642
6101.696 5263.800 13.647
6101.690 5250.430 13.635
6101.671 5231.726 10.741
6101.669 5228.156 10.696
6101.673 5270.641 7.277
6101.674 5258.940 13.694
6101.668 5245.300 13.633
6101.665 5241.446 11.138
6101.665 5263.250 13.678
6101.653 5270.361 7.368
6101.610 5249.610 13.587
6101.597 5241.030 13.698
6101.590 5229.216 10.685
6101.582 5254.280 13.690
6101.573 5237.306 10.854
6101.563 5236.556 10.855
6101.537 5242.520 13.886
6101.532 5255.760 13.688
6101.519 5246.550 13.641
6101.502 5233.926 10.808
6101.507 5268.290 13.651
6101.495 5240.656 11.099
6101.497 5268.460 13.681
6101.484 5259.850 13.713
6101.456 5271.905 9.796
6101.454 5271.301 7.267
6101.454 5270.981 7.427
6101.456 5264.510 13.706
6101.451 5251.100 13.665
6101.440 5228.846 10.695
6101.431 5232.416 10.761
6101.434 5259.660 13.633
6101.429 5246.000 13.602
6101.426 5263.990 13.667
6101.405 5242.167 11.077
6101.387 5241.690 13.898
6101.380 5250.310 13.626
6101.360 5229.896 10.714
6101.362 5254.970 13.709
6101.338 5268.830 13.830
6101.323 5237.996 10.833
6101.323 5237.276 10.834
6101.328 5269.020 13.880
6101.283 5256.470 13.677
6101.279 5247.240 13.580
6101.278 5243.230 13.786
6101.272 5234.586 10.788
6101.264 5271.892 7.446
6101.255 5241.347 11.088
6101.244 5260.560 13.712
6101.224 5271.641 7.296
6101.216 5265.240 13.675
6101.211 5251.780 13.634
6101.200 5229.536 10.705
6101.206 5264.690 13.716
6101.191 5233.106 10.760
6101.194 5260.370 13.712
6101.189 5246.710 13.551
6101.141 5251.020 13.605
6101.127 5242.410 13.787
6101.122 5255.680 13.679
6101.110 5230.596 10.743
6101.094 5238.696 10.942
6101.093 5237.966 10.853
6101.063 5257.150 13.717
6101.049 5247.900 13.579
6101.042 5235.246 10.807
6101.044 5272.222 7.386
6101.008 5243.970 13.615
6101.005 5261.260 13.701
6100.986 5239.070 13.832
6100.986 5265.930 13.725
6100.971 5252.490 13.663
6100.966 5239.801 13.941
6100.962 5233.786 10.809
6100.960 5230.226 10.734
6100.956 5265.430 13.655
6100.949 5247.410 13.580
6100.945 5261.090 13.661
6100.901 5251.720 13.604
6100.894 5238.627 11.082
6100.883 5256.420 13.678
6100.871 5231.276 10.773
6100.867 5243.130 13.576
6100.864 5239.387 11.181
6100.844 5273.102 7.345
6100.844 5272.811 7.325
6100.820 5248.580 13.599
6100.813 5235.916 10.826
6100.813 5257.850 13.696
6100.765 5261.960 13.690
6100.758 5244.660 13.574
6100.756 5239.761 13.871
6100.731 5230.896 10.773
6100.737 5266.640 13.684
6100.722 5234.486 10.858
6100.726 5266.150 13.684
6100.721 5253.190 13.672
6100.719 5248.100 13.599
6100.717 5240.511 13.890
6100.705 5261.800 13.660
6100.681 5252.400 13.703
6100.665 5273.372 7.304
6100.644 5239.377 11.151
6100.643 5257.130 13.667
6100.621 5231.986 10.782
6100.618 5243.850 13.585
6100.594 5258.521 13.765
6100.583 5236.597 10.885
6100.580 5249.260 13.598
6100.528 5245.330 13.603
6100.525 5262.650 13.679
6100.517 5240.461 13.800
6100.517 5267.301 13.683
6100.492 5235.176 10.837
6100.491 5231.596 10.772
6100.480 5248.810 13.589
6100.477 5266.900 13.654
6100.472 5253.921 13.702
6100.465 5237.681 13.854
6100.465 5262.530 13.660
6100.437 5241.220 13.669
6100.431 5253.130 13.633
6100.413 5257.841 13.676
6100.378 5244.540 13.565
6100.373 5237.267 11.165
6100.371 5232.697 10.831
6100.344 5259.221 13.744
6100.340 5249.950 13.597
6100.297 5267.951 13.682
6100.295 5263.331 13.679
6100.289 5246.000 13.573
6100.257 5241.180 13.579
6100.251 5232.286 10.772
6100.243 5235.887 10.847
6100.247 5267.621 13.643
6100.240 5249.510 13.628
6100.226 5238.361 13.883
6100.225 5263.251 13.739
6100.222 5254.631 13.721
6100.202 5253.821 13.712
6100.197 5241.910 13.608
6100.184 5258.541 13.745
6100.145 5236.961 13.925
6100.138 5245.240 13.544
6100.112 5233.427 10.820
6100.100 5250.641 13.636
6100.094 5259.951 13.673
6100.088 5268.611 13.741
6100.076 5263.951 13.708
6100.054 5271.032 7.258
6100.049 5246.710 13.572
6100.043 5236.537 11.166
6100.034 5271.232 7.268
6100.027 5241.871 13.619
6100.021 5232.977 10.801
6100.027 5268.301 13.692
6099.990 5250.241 13.617
6099.986 5239.031 13.782
6099.966 5263.981 13.658
6099.962 5255.341 13.640
6099.952 5254.541 13.651
6099.947 5242.611 13.578
6099.944 5259.271 13.735
6099.909 5245.931 13.563
6099.906 5237.651 13.874
6099.872 5234.127 10.859
6099.878 5269.251 13.831
6099.871 5251.341 13.706
6099.864 5271.612 7.267
6099.844 5271.792 7.297
6099.846 5264.611 13.657
6099.844 5260.671 13.693
6099.809 5247.401 13.601
6099.808 5268.981 13.671
6099.792 5233.657 10.890
6099.777 5242.581 13.578
6099.761 5250.951 13.656
6099.736 5239.701 13.652
6099.734 5235.221 13.728
6099.734 5272.072 7.557
6099.736 5264.671 13.637
6099.723 5256.041 13.689
6099.712 5255.251 13.650
6099.708 5243.301 13.597
6099.704 5272.252 7.487
6099.704 5259.991 13.694
6099.662 5234.787 11.109
6099.659 5246.641 13.572
6099.654 5234.791 13.789
6099.646 5238.361 13.694
6099.638 5269.541 13.911
6099.636 5265.251 13.696
6099.631 5252.031 13.685
6099.605 5261.361 13.702
6099.572 5234.357 11.099
6099.549 5248.131 13.620
6099.547 5243.261 13.597
6099.544 5272.602 7.376
6099.524 5272.762 7.376
6099.515 5235.881 13.897
6099.516 5265.311 13.676
6099.511 5251.661 13.625
6099.506 5240.361 13.651
6099.483 5256.711 13.698
6099.464 5260.711 13.673
6099.463 5255.981 13.679
6099.458 5244.001 13.606
6099.435 5235.451 13.898
6099.419 5247.351 13.581
6099.396 5239.071 13.643
6099.396 5265.911 13.656
6099.391 5252.701 13.654
6099.375 5262.041 13.701
6099.326 5265.911 13.756
6099.318 5243.951 13.556
6099.310 5248.831 13.629
6099.281 5252.361 13.695
6099.277 5241.031 13.640
6099.265 5236.581 13.826
6099.253 5257.381 13.728
6099.245 5261.411 13.802
6099.223 5256.691 13.689
6099.198 5244.741 13.585
6099.195 5236.141 13.797
6099.189 5248.031 13.571
6099.187 5266.551 13.675
6099.175 5262.661 13.840
6099.166 5239.751 13.652
6099.161 5253.371 13.653
6099.107 5266.541 13.705
6099.078 5244.661 13.545
6099.070 5249.521 13.659
6099.027 5241.731 13.659
6099.027 5271.158 11.429
6099.027 5270.788 11.459
6099.025 5262.121 13.931
6099.021 5253.091 13.614
6099.006 5270.886 9.989
6099.003 5258.071 13.697
6098.995 5237.301 13.716
6098.993 5257.401 13.698
6098.987 5267.141 13.734
6098.974 5233.721 13.921
6098.950 5248.751 13.610
6098.948 5245.461 13.594
6098.935 5236.851 13.726
6098.932 5254.041 13.663
6098.925 5263.331 13.720
6098.916 5240.461 13.621
6098.917 5267.121 13.724
6098.840 5250.201 13.658
6098.838 5245.351 13.545
6098.787 5267.721 13.734
6098.782 5253.801 13.623
6098.777 5242.431 13.599
6098.775 5262.851 13.830
6098.754 5258.791 13.726
6098.746 5238.021 13.705
6098.733 5258.141 13.647
6098.724 5234.411 13.870
6098.727 5267.691 13.714
6098.710 5249.451 13.639
6098.706 5263.991 13.729
6098.699 5246.151 13.584
6098.695 5237.541 13.695
6098.692 5254.731 13.712
6098.687 5241.131 13.651
6098.674 5271.373 8.059
6098.609 5246.041 13.604
6098.607 5268.251 13.753
6098.591 5250.891 13.667
6098.562 5254.491 13.742
6098.547 5243.101 13.648
6098.537 5268.241 13.703
6098.536 5263.561 13.720
6098.504 5259.491 13.735
6098.504 5258.831 13.706
6098.486 5238.731 13.664
6098.476 5264.641 13.728
6098.470 5250.161 13.608
6098.464 5235.141 13.759
6098.459 5246.841 13.593
6098.456 5238.221 13.705
6098.442 5255.441 13.671
6098.437 5241.861 13.600
6098.428 5268.761 13.733
6098.379 5246.741 13.613
6098.371 5251.551 13.676
6098.368 5268.761 13.723
6098.334 5272.203 7.348
6098.316 5264.231 13.719
6098.312 5255.221 13.711
6098.308 5243.791 13.627
6098.268 5269.241 13.772
6098.264 5260.181 13.735
6098.264 5259.541 13.735
6098.246 5239.421 13.643
6098.246 5265.301 13.747
6098.230 5250.851 13.637
6098.219 5247.541 13.602
6098.215 5260.613 14.864
6098.206 5238.931 13.634
6098.205 5235.851 13.728
6098.208 5269.221 13.752
6098.203 5256.131 13.710
6098.187 5242.561 13.579
6098.139 5247.451 13.592
6098.114 5272.462 7.278
6098.118 5269.672 13.811
6098.111 5252.271 13.626
6098.106 5264.852 13.708
6098.088 5269.612 13.852
6098.084 5260.192 14.095
6098.078 5244.441 13.656
6098.063 5255.971 13.730
6098.026 5265.931 13.697
6098.006 5240.091 13.672
6097.991 5251.571 13.637
6097.988 5270.062 13.901
6097.973 5256.812 13.749
6097.969 5248.231 13.571
6097.966 5239.641 13.663
6097.958 5243.251 13.628
6097.955 5236.561 13.747
6097.958 5270.012 13.871
6097.916 5265.461 13.687
6097.899 5248.151 13.621
6097.861 5252.971 13.655
6097.838 5245.111 13.596
6097.827 5266.502 13.756
6097.805 5261.512 13.773
6097.803 5256.702 13.660
6097.775 5260.992 13.744
6097.757 5240.791 13.622
6097.751 5252.271 13.626
6097.740 5248.911 13.660
6097.733 5257.502 13.739
6097.726 5266.032 13.717
6097.718 5243.941 13.637
6097.716 5240.341 13.582
6097.715 5237.252 13.697
6097.670 5248.841 13.611
6097.647 5267.032 13.795
6097.622 5253.702 13.714
6097.598 5245.781 13.605
6097.575 5262.152 13.752
6097.563 5257.412 13.679
6097.547 5266.612 13.746
6097.535 5261.712 13.753
6097.517 5241.472 13.671
6097.511 5252.982 13.655
6097.503 5258.172 13.718
6097.490 5249.632 13.650
6097.487 5241.022 13.642
6097.476 5237.922 13.706
6097.477 5267.532 13.845
6097.468 5244.652 13.627
6097.440 5249.532 13.660
6097.377 5267.142 13.776
6097.372 5254.392 13.723
6097.359 5246.482 13.614
6097.345 5262.802 13.702
6097.323 5258.132 13.678
6097.317 5267.992 13.874
6097.305 5262.402 13.722
6097.274 5258.832 13.717
6097.272 5253.682 13.674
6097.267 5242.182 13.650
6097.238 5245.352 13.626
6097.237 5241.732 13.621
6097.236 5238.602 13.675
6097.230 5250.372 13.679
6097.217 5267.652 13.875
6097.200 5250.252 13.679
6097.168 5268.432 13.904
6097.132 5255.072 13.712
6097.116 5263.452 13.761
6097.109 5247.202 13.673
6097.085 5263.052 13.761
6097.084 5258.862 13.737
6097.077 5268.112 13.894
6097.044 5259.492 13.786
6097.022 5254.422 13.693
6097.017 5242.892 13.639
6096.999 5246.052 13.655
6096.997 5242.422 13.600
6096.996 5239.282 13.694
6096.991 5251.072 13.708
6096.951 5250.962 13.658
6096.902 5255.742 13.742
6096.896 5264.092 13.750
6096.886 5263.652 13.771
6096.869 5247.892 13.703
6096.834 5259.592 13.696
6096.794 5260.202 13.746
6096.767 5243.102 13.689
6096.759 5246.762 13.704
6096.758 5243.622 13.609
6096.751 5251.752 13.737
6096.736 5240.002 13.674
6096.721 5251.662 13.667
6096.686 5264.692 13.819
6096.676 5264.262 13.780
6096.663 5256.422 13.691
6096.620 5248.592 13.652
6096.584 5260.322 13.726
6096.554 5260.902 13.715
6096.542 5255.842 13.712
6096.528 5244.312 13.698
6096.511 5252.432 13.717
6096.509 5247.482 13.653
6096.508 5243.822 13.598
6096.496 5264.822 13.879
6096.487 5240.712 13.693
6096.486 5265.262 13.879
6096.481 5252.372 13.677
6096.423 5257.122 13.710
6096.390 5249.242 13.671
6096.345 5261.042 13.755
6096.325 5261.562 13.754
6096.316 5265.372 13.909
6096.303 5256.572 13.711
6096.297 5265.812 13.898
6096.278 5244.992 13.687
6096.278 5244.512 13.648
6096.271 5253.132 13.686
6096.269 5248.192 13.663
6096.237 5241.412 13.682
6096.231 5253.092 13.696
6096.163 5257.862 13.689
6096.160 5249.892 13.720
6096.095 5262.222 13.733
6096.095 5261.782 13.714
6096.063 5257.282 13.700
6096.038 5245.672 13.646
6096.032 5253.822 13.725
6096.030 5248.882 13.712
6096.028 5245.232 13.657
6095.992 5253.792 13.685
6095.987 5242.132 13.641
6095.930 5250.562 13.720
6095.924 5258.552 13.719
6095.895 5262.842 13.863
6095.883 5270.533 7.332
6095.865 5262.493 13.853
6095.823 5257.992 13.719
6095.809 5246.342 13.715
6095.803 5270.204 7.312
6095.789 5245.922 13.666
6095.782 5254.542 13.744
6095.780 5249.612 13.671
6095.762 5254.492 13.714
6095.747 5242.802 13.700
6095.734 5270.934 7.312
6095.691 5251.242 13.729
6095.686 5263.463 13.902
6095.684 5259.232 13.758
6095.663 5270.623 7.222
6095.636 5263.183 13.892
6095.604 5271.294 7.301
6095.574 5258.712 13.699
6095.559 5247.062 13.725
6095.549 5246.612 13.705
6095.544 5271.004 7.242
6095.540 5250.302 13.700
6095.522 5255.262 13.673
6095.512 5255.222 13.683
6095.508 5243.482 13.650
6095.484 5271.624 7.261
6095.434 5271.354 7.231
6095.434 5259.922 13.737
6095.431 5251.952 13.718
6095.334 5259.442 13.708
6095.301 5251.013 13.709
6095.299 5247.782 13.674
6095.299 5247.332 13.675
6095.283 5255.953 13.703
6095.273 5255.923 13.723
6095.268 5244.162 13.649
6095.234 5260.543 13.866
6095.191 5252.643 13.717
6095.104 5260.143 13.857
6095.061 5251.723 13.709
6095.059 5248.033 13.674
6095.050 5248.493 13.703
6095.043 5256.643 13.722
6095.028 5244.853 13.678
6095.022 5267.504 7.387
6095.023 5256.643 13.722
6095.013 5267.894 7.426
6095.015 5261.173 13.886
6094.942 5253.333 13.706
6094.875 5260.843 13.876
6094.843 5268.374 7.406
6094.832 5268.034 7.376
6094.833 5257.283 13.791
6094.811 5252.443 13.708
6094.810 5248.743 13.693
6094.800 5249.213 13.742
6094.783 5257.353 13.731
6094.778 5245.573 13.717
6094.712 5254.003 13.746
6094.673 5268.844 7.345
6094.663 5268.524 7.326
6094.603 5257.923 13.790
6094.561 5253.183 13.677
6094.560 5249.893 13.732
6094.560 5249.473 13.682
6094.553 5258.053 13.820
6094.523 5268.954 7.345
6094.519 5246.283 13.697
6094.513 5269.284 7.365
6094.482 5254.643 13.785
6094.404 5258.543 13.870
6094.383 5269.364 7.315
6094.373 5269.674 7.364
6094.341 5265.644 7.270
6094.344 5258.703 13.900
6094.322 5253.893 13.716
6094.320 5250.563 13.741
6094.320 5250.173 13.711
6094.301 5265.394 7.280
6094.279 5246.983 13.696
6094.263 5269.744 7.314
6094.242 5255.313 13.704
6094.233 5270.054 7.304
6094.174 5259.203 13.829
6094.143 5270.094 7.294
6094.123 5270.374 7.284
6094.112 5266.304 7.219
6094.091 5251.243 13.730
6094.072 5266.054 7.240
6094.072 5254.623 13.715
6094.071 5250.883 13.711
6094.033 5270.424 7.264
6094.029 5247.683 13.705
6094.023 5255.963 13.784
6094.013 5270.654 7.213
6093.923 5270.724 7.223
6093.913 5270.904 7.193
6093.892 5266.954 7.298
6093.862 5266.684 7.239
6093.854 5271.094 7.213
6093.844 5270.974 7.203
6093.842 5255.313 13.785
6093.841 5251.953 13.729
6093.811 5251.613 13.680
6093.793 5256.623 13.893
6093.790 5248.353 13.704
6093.692 5267.554 7.388
6093.691 5263.324 7.284
6093.662 5267.294 7.308
6093.613 5256.013 13.854
6093.581 5252.663 13.728
6093.571 5252.313 13.679
6093.560 5249.013 13.753
6093.550 5263.024 7.334
6093.483 5268.144 7.367
6093.462 5267.884 7.347
6093.451 5263.994 7.283
6093.342 5253.363 13.768
6093.341 5253.003 13.778
6093.320 5249.703 13.723
6093.311 5263.704 7.263
6093.293 5268.695 7.356
6093.273 5268.445 7.357
6093.251 5264.605 7.472
6093.123 5269.195 7.356
6093.121 5264.295 7.433
6093.122 5254.024 13.887
6093.100 5260.624 7.288
6093.102 5253.724 13.867
6093.083 5268.994 7.286
6093.070 5250.403 13.752
6093.050 5260.775 7.328
6093.021 5265.255 7.481
6092.933 5269.695 7.275
6092.923 5269.485 7.316
6092.921 5264.915 7.442
6092.872 5254.724 13.846
6092.860 5261.305 7.327
6092.852 5254.444 13.847
6092.841 5251.084 13.901
6092.820 5261.425 7.277
6092.793 5270.125 7.305
6092.782 5265.905 7.311
6092.773 5269.935 7.305
6092.691 5265.555 7.261
6092.643 5270.535 7.324
6092.643 5270.335 7.325
6092.630 5261.965 7.296
6092.610 5262.025 7.276
6092.591 5251.774 13.870
6092.572 5266.485 7.240
6092.482 5266.165 7.201
6092.479 5258.715 7.271
6092.420 5262.585 7.276
6092.410 5262.625 7.266
6092.392 5266.985 7.280
6092.361 5252.444 13.910
6092.302 5266.705 7.240
6092.299 5258.115 7.262
6092.229 5259.405 7.290
6092.222 5267.475 7.329
6092.221 5263.185 7.285
6092.221 5263.155 7.305
6092.132 5267.225 7.279
6092.062 5267.925 7.328
6092.039 5258.865 7.251
6092.021 5263.715 7.234
6092.011 5263.755 7.234
6091.999 5260.075 7.289
6091.992 5267.685 7.349
6091.913 5268.345 7.358
6091.861 5264.195 7.254
6091.858 5256.005 7.515
6091.853 5268.105 7.378
6091.841 5264.275 7.254
6091.828 5255.725 7.446
6091.793 5268.725 7.498
6091.789 5259.615 7.240
6091.770 5260.725 7.309
6091.743 5268.465 7.498
6091.691 5264.675 7.213
6091.671 5264.745 7.203
6091.588 5256.725 7.274
6091.550 5261.345 7.368
6091.548 5256.505 7.255
6091.539 5260.365 7.279
6091.531 5265.165 7.193
6091.531 5265.115 7.203
6091.401 5265.545 7.202
6091.391 5265.535 7.212
6091.358 5257.385 7.264
6091.320 5261.035 7.419
6091.310 5262.005 7.317
6091.288 5257.235 7.234
6091.282 5265.895 7.232
6091.272 5265.905 7.242
6091.171 5262.516 7.877
6091.162 5266.235 7.231
6091.152 5266.245 7.221
6091.131 5269.861 4.466
6091.119 5258.045 7.233
6091.081 5269.621 4.427
6091.080 5261.745 7.338
6091.062 5266.545 7.231
6091.052 5266.525 7.231
6091.048 5257.945 7.243
6091.011 5270.181 4.486
6090.982 5270.404 6.026
6090.981 5262.226 8.047
6090.972 5266.795 7.281
6090.972 5266.765 7.271
6090.961 5269.981 4.416
6090.911 5270.461 4.456
6090.912 5270.383 5.206
6090.902 5270.592 4.916
6090.902 5266.975 7.261
6090.892 5267.025 7.261
6090.889 5258.715 7.302
6090.871 5270.292 4.496
6090.852 5267.155 7.310
6090.841 5263.315 7.296
6090.832 5267.195 7.270
6090.829 5258.585 7.292
6090.792 5267.325 7.290
6090.782 5267.325 7.260
6090.762 5267.415 7.310
6090.741 5270.911 4.465
6090.742 5267.486 7.350
6090.742 5267.445 7.290
6090.732 5267.516 7.350
6090.722 5267.546 7.350
6090.722 5267.535 7.340
6090.679 5259.346 7.421
6090.659 5259.156 7.572
6090.650 5263.016 7.306
6090.621 5263.925 7.315
6090.600 5259.797 8.321
6090.600 5259.557 8.531
6090.441 5263.626 7.286
6090.411 5264.516 7.284
6090.400 5260.377 8.410
6090.400 5260.147 8.590
6090.251 5264.216 7.315
6090.221 5265.046 7.314
6090.201 5260.737 8.530
6090.190 5260.957 8.379
6090.051 5264.806 7.274
6090.031 5265.556 7.253
6089.871 5265.326 7.254
6089.852 5266.036 7.223
6089.850 5261.696 7.459
6089.850 5261.496 7.569
6089.702 5265.836 7.223
6089.692 5266.476 7.202
6089.650 5262.226 7.298
6089.630 5262.076 7.358
6089.552 5266.886 7.272
6089.552 5266.276 7.213
6089.490 5262.676 7.328
6089.460 5262.556 7.298
6089.432 5266.676 7.242
6089.412 5267.256 7.301
6089.341 5263.106 7.327
6089.310 5262.986 7.287
6089.302 5267.066 7.222
6089.292 5267.586 7.331
6089.202 5267.386 7.331
6089.191 5263.526 7.297
6089.182 5267.886 7.331
6089.181 5263.366 7.307
6089.093 5268.136 7.360
6089.092 5267.736 7.301
6089.073 5268.327 8.160
6089.061 5263.896 7.296
6089.051 5263.736 7.277
6089.033 5268.316 7.510
6089.002 5268.026 7.321
6088.943 5268.236 7.450
6088.941 5264.226 7.276
6088.931 5264.096 7.266
6088.903 5268.417 7.550
6088.841 5264.506 7.256
6088.831 5264.406 7.266
6088.751 5264.736 7.275
6088.731 5264.686 7.255
6088.671 5264.956 7.255
6088.661 5264.916 7.275
6088.611 5265.126 7.285
6088.591 5265.106 7.225
6088.551 5265.286 7.255
6088.542 5269.275 6.199
6088.541 5265.246 7.245
6088.532 5269.275 6.019
6088.532 5269.244 5.779
6088.522 5269.285 6.179
6088.512 5269.265 6.079
6088.512 5269.224 5.949
6088.511 5265.396 7.285
6088.511 5265.356 7.245
6088.491 5269.243 5.259
6088.481 5265.446 7.205
6088.471 5265.486 7.245
6088.471 5265.486 7.235
6088.461 5265.516 7.234
6088.442 5269.254 5.439
6088.431 5269.272 4.539
6088.331 5269.343 4.639
